Par0_m2 <- list(step=c(2000,1000,100,100,500,50,0.1,0.1,0.1),angle=c(10,5,1))
